2019-12-24 12:05:24  [Mode: Full Auto] [Score: LRT 45 Bus 39] 
0 1 
1 6 
2 2 
3 3 
4 2 
5 4 
6 2 
7 3 
8 4 
9 8 
10 2 
11 1 
12 2 
13 2 
14 4 
15 4 
16 5 
17 1 
18 10 
19 1 
20 10 
21 8 
22 10 
23 6 
24 37 
25 4 
26 4 
27 7 
28 14 
29 4 
30 10 
31 2 
32 1 
33 3 
34 53 
35 3 
36 32 
37 15 
38 6 
39 53 
40 2 
41 7 
42 4 
43 1 
44 23 
45 58 
46 51 
47 17 
48 80 
2019-12-24 12:13:56  [Mode: Full Auto] [Score: LRT 77 Bus 95] 
0 1 
1 1 
2 1 
3 3 
4 2 
5 4 
6 2 
7 3 
8 2 
9 4 
10 1 
11 2 
12 6 
13 5 
14 2 
15 1 
16 6 
17 2 
18 4 
19 9 
20 4 
21 6 
22 9 
23 1 
24 19 
25 4 
26 3 
27 1 
28 13 
29 6 
30 15 
31 1 
32 7 
33 4 
34 10 
35 79 
36 42 
37 92 
38 33 
39 6 
40 1 
41 85 
42 3 
43 284 
2019-12-24 12:22:28  [Mode: Full Auto] [Score: LRT 45 Bus 44] 
0 157 
2019-12-24 12:33:40  [Mode: Full Auto] [Score: LRT 21 Bus 69] 
0 4 
1 13 
2 1 
3 1 
4 2 
5 10 
6 1 
7 13 
8 1 
9 3 
10 6 
11 4 
12 9 
13 19 
14 4 
15 5 
16 7 
17 15 
18 13 
19 5 
20 2 
21 1 
22 5 
23 12 
24 4 
25 12 
26 12 
27 17 
28 2 
29 12 
30 1 
31 1 
32 51 
33 16 
34 12 
35 2 
36 11 
37 4 
38 133 
39 62 
40 47 
41 204 
42 196 
43 140 
44 27 
2019-12-24 12:37:33  [Mode: Full Auto] [Score: LRT 41 Bus 38] 
0 1 
1 2 
2 3 
3 2 
4 11 
5 4 
6 4 
7 16 
8 8 
9 2 
10 1 
11 2 
12 3 
13 2 
14 5 
15 2 
16 6 
17 1 
18 3 
19 17 
20 1 
21 1 
22 5 
23 2 
24 6 
25 2 
26 4 
27 11 
28 11 
29 6 
30 1 
31 15 
32 21 
33 6 
34 11 
35 17 
36 1 
37 12 
38 14 
39 6 
40 25 
41 18 
42 1 
43 36 
2019-12-24 12:57:46  [Mode: Full Auto] [Score: LRT 44 Bus 50] 
0 1 
1 3 
2 4 
3 3 
4 3 
5 9 
6 1 
7 3 
8 2 
9 3 
10 1 
11 1 
12 11 
13 1 
14 3 
15 6 
16 1 
17 1 
18 3 
19 1 
20 3 
21 12 
22 2 
23 2 
24 6 
25 13 
26 8 
27 8 
28 37 
29 18 
30 26 
31 10 
32 4 
33 8 
34 1 
35 9 
36 32 
37 9 
38 48 
39 48 
40 93 
41 3 
42 41 
43 869 
2019-12-24 13:00:32  [Mode: Full Auto] [Score: LRT 32 Bus 63] 
0 1 
1 5 
2 3 
3 1 
4 6 
5 4 
6 2 
7 3 
8 4 
9 12 
10 2 
11 3 
12 8 
13 2 
14 1 
15 3 
16 4 
17 12 
18 4 
19 2 
20 12 
21 3 
22 1 
23 1 
24 4 
25 1 
26 7 
27 1 
28 7 
29 2 
30 2 
31 6 
32 9 
33 42 
34 8 
35 2 
36 4 
37 1 
38 7 
39 3 
40 1 
41 3 
42 1 
43 1 
44 20 
45 2 
46 43 
47 10 
48 7 
49 129 
50 3 
